{2.0: {'q1': array([1.]), 'H_ols': <statsmodels.regression.linear_model.RegressionResultsWrapper object at 0x7f2e18585b10>, 'q2': array([4.]), 'U': array([[-0.21858837+0.26134121j,  0.18367113+0.03538759j,
        -0.19166461+0.50735304j,  0.01825675-0.0507606j ,
        -0.15006106-0.11340368j,  0.1165895 -0.22223977j,
         0.32959304-0.25579359j,  0.14870765+0.08326417j,
        -0.01887533+0.07188589j, -0.01779429-0.06232833j,
        -0.10950731+0.122082j  , -0.15624055+0.11897581j,
         0.17698909-0.1750145j , -0.08696312-0.13684016j,
         0.15608475+0.20403637j, -0.04758317-0.13682461j],
       [ 0.18367113+0.03538759j,  0.21546791+0.40642079j,
        -0.05047204+0.05066443j, -0.15886938-0.23734747j,
         0.108196  +0.03149789j, -0.42719568+0.18340751j,
         0.08926854+0.28296721j,  0.21841936-0.14734545j,
        -0.25082828+0.06806386j,  0.2203676 +0.0761435j ,
         0.24296698+0.1383254j , -0.18478092+0.04661507j,
        -0.02557327-0.05276111j, -0.06564877+0.05687711j,
         0.01340466+0.14065538j, -0.11418242-0.00748239j],
       [-0.19166461+0.50735304j, -0.05047204+0.05066443j,
        -0.34833452-0.10802724j,  0.09935874+0.10152618j,
         0.11820572-0.1156595j , -0.04750154+0.27657035j,
        -0.18448792-0.27073772j, -0.04756382-0.13729539j,
         0.10676733+0.04746557j,  0.00781471-0.13427568j,
         0.13987148+0.24005082j, -0.05684419-0.15351807j,
        -0.00097356+0.15346293j, -0.02126236+0.15353512j,
        -0.02204466-0.10983593j, -0.13945324+0.31258213j],
       [ 0.01825675-0.0507606j , -0.15886938-0.23734747j,
         0.09935874+0.10152618j, -0.43580491-0.02662684j,
         0.11047718-0.09723721j,  0.07713475-0.1068235j ,
        -0.01784191+0.30526163j, -0.19075783+0.1404391j ,
         0.32613318+0.11574385j,  0.0068565 -0.02323317j,
         0.09162568+0.44841086j, -0.04510506+0.00298637j,
         0.21530477+0.0655642j , -0.03195727+0.12393564j,
        -0.08113805+0.18033019j, -0.27854491+0.02198059j],
       [-0.15006106-0.11340368j,  0.108196  +0.03149789j,
         0.11820572-0.1156595j ,  0.11047718-0.09723721j,
        -0.7526766 +0.05484845j,  0.02531216+0.11429503j,
        -0.07121517+0.01631201j, -0.23528532-0.03389067j,
        -0.19608987-0.08139408j,  0.05916071-0.00395249j,
         0.05309228+0.21041088j,  0.04763848-0.07631926j,
         0.11891374+0.19757972j, -0.0609033 +0.09690198j,
         0.11609885+0.24393548j, -0.02116712+0.11977696j],
       [ 0.1165895 -0.22223977j, -0.42719568+0.18340751j,
        -0.04750154+0.27657035j,  0.07713475-0.1068235j ,
         0.02531216+0.11429503j,  0.16964093+0.28861057j,
         0.2008375 -0.29605866j, -0.22591544+0.14060323j,
        -0.11567032+0.09759252j,  0.15380441+0.0947284j ,
         0.05748841+0.19080877j,  0.10109345-0.05752258j,
        -0.25573944-0.22037996j,  0.03272124+0.23616075j,
        -0.12688631-0.01137563j, -0.01007245-0.06544683j],
       [ 0.32959304-0.25579359j,  0.08926854+0.28296721j,
        -0.18448792-0.27073772j, -0.01784191+0.30526163j,
        -0.07121517+0.01631201j,  0.2008375 -0.29605866j,
        -0.10060678-0.13014355j,  0.05875057-0.19016327j,
        -0.05968286+0.27245011j, -0.0050057 -0.1411607j ,
        -0.14789385+0.29121612j, -0.06738957+0.06898102j,
         0.17446076-0.25107948j, -0.05043963+0.03170135j,
         0.01527601-0.11190382j, -0.01196228+0.11583177j],
       [ 0.14870765+0.08326417j,  0.21841936-0.14734545j,
        -0.04756382-0.13729539j, -0.19075783+0.1404391j ,
        -0.23528532-0.03389067j, -0.22591544+0.14060323j,
         0.05875057-0.19016327j,  0.17734269+0.53653209j,
        -0.0133868 +0.16322972j, -0.01533006+0.07734216j,
        -0.00304699+0.16513686j,  0.01989358+0.04522566j,
        -0.09101537+0.0492375j ,  0.07632961-0.14337234j,
        -0.43728914-0.09399355j,  0.19253877-0.03297695j],
       [-0.01887533+0.07188589j, -0.25082828+0.06806386j,
         0.10676733+0.04746557j,  0.32613318+0.11574385j,
        -0.19608987-0.08139408j, -0.11567032+0.09759252j,
        -0.05968286+0.27245011j, -0.0133868 +0.16322972j,
         0.27335001+0.46259547j,  0.3508691 -0.11061134j,
        -0.10256116-0.11579961j, -0.23909609+0.16382511j,
        -0.06290638+0.02579354j, -0.05829719-0.15104499j,
         0.17297519-0.1631507j , -0.03073626-0.02471433j],
       [-0.01779429-0.06232833j,  0.2203676 +0.0761435j ,
         0.00781471-0.13427568j,  0.0068565 -0.02323317j,
         0.05916071-0.00395249j,  0.15380441+0.0947284j ,
        -0.0050057 -0.1411607j , -0.01533006+0.07734216j,
         0.3508691 -0.11061134j,  0.10655877+0.70065024j,
        -0.07651894+0.01047775j, -0.28327597+0.05847645j,
         0.04315936+0.01183661j, -0.22862332+0.18192499j,
         0.17764612-0.04167077j,  0.10589037+0.03651248j],
       [-0.10950731+0.122082j  ,  0.24296698+0.1383254j ,
         0.13987148+0.24005082j,  0.09162568+0.44841086j,
         0.05309228+0.21041088j,  0.05748841+0.19080877j,
        -0.14789385+0.29121612j, -0.00304699+0.16513686j,
        -0.10256116-0.11579961j, -0.07651894+0.01047775j,
        -0.37230876-0.03995773j,  0.07111397+0.0037509j ,
        -0.03516189-0.18289457j, -0.00746899+0.28829225j,
        -0.1638937 +0.09015884j, -0.22769885+0.08747268j],
       [-0.15624055+0.11897581j, -0.18478092+0.04661507j,
        -0.05684419-0.15351807j, -0.04510506+0.00298637j,
         0.04763848-0.07631926j,  0.10109345-0.05752258j,
        -0.06738957+0.06898102j,  0.01989358+0.04522566j,
        -0.23909609+0.16382511j, -0.28327597+0.05847645j,
         0.07111397+0.0037509j ,  0.04546706+0.70198387j,
        -0.17993731+0.1520428j , -0.14877944+0.25334685j,
         0.01234679+0.17155329j,  0.14906676-0.04125647j],
       [ 0.17698909-0.1750145j , -0.02557327-0.05276111j,
        -0.00097356+0.15346293j,  0.21530477+0.0655642j ,
         0.11891374+0.19757972j, -0.25573944-0.22037996j,
         0.17446076-0.25107948j, -0.09101537+0.0492375j ,
        -0.06290638+0.02579354j,  0.04315936+0.01183661j,
        -0.03516189-0.18289457j, -0.17993731+0.1520428j ,
         0.26645559+0.4939197j ,  0.05529291+0.18411955j,
        -0.17987095+0.04650319j, -0.23155363+0.22850448j],
       [-0.08696312-0.13684016j, -0.06564877+0.05687711j,
        -0.02126236+0.15353512j, -0.03195727+0.12393564j,
        -0.0609033 +0.09690198j,  0.03272124+0.23616075j,
        -0.05043963+0.03170135j,  0.07632961-0.14337234j,
        -0.05829719-0.15104499j, -0.22862332+0.18192499j,
        -0.00746899+0.28829225j, -0.14877944+0.25334685j,
         0.05529291+0.18411955j,  0.46608551-0.30202486j,
         0.13227595-0.35719553j, -0.17812263-0.15032073j],
       [ 0.15608475+0.20403637j,  0.01340466+0.14065538j,
        -0.02204466-0.10983593j, -0.08113805+0.18033019j,
         0.11609885+0.24393548j, -0.12688631-0.01137563j,
         0.01527601-0.11190382j, -0.43728914-0.09399355j,
         0.17297519-0.1631507j ,  0.17764612-0.04167077j,
        -0.1638937 +0.09015884j,  0.01234679+0.17155329j,
        -0.17987095+0.04650319j,  0.13227595-0.35719553j,
         0.0581282 +0.43686034j,  0.15637782-0.08762407j],
       [-0.04758317-0.13682461j, -0.11418242-0.00748239j,
        -0.13945324+0.31258213j, -0.27854491+0.02198059j,
        -0.02116712+0.11977696j, -0.01007245-0.06544683j,
        -0.01196228+0.11583177j,  0.19253877-0.03297695j,
        -0.03073626-0.02471433j,  0.10589037+0.03651248j,
        -0.22769885+0.08747268j,  0.14906676-0.04125647j,
        -0.23155363+0.22850448j, -0.17812263-0.15032073j,
         0.15637782-0.08762407j,  0.30756569+0.56159708j]]), 'fal': array([1.])}, 3.0: {'q1': array([2.]), 'H_ols': <statsmodels.regression.linear_model.RegressionResultsWrapper object at 0x7f2e2b9d5650>, 'q2': array([3.]), 'U': array([[-0.03108697-0.07710187j,  0.18467655+0.03885316j,
         0.0323956 -0.31683434j,  0.17516731+0.22409819j,
        -0.0499674 +0.31545227j, -0.1665773 +0.07741073j,
        -0.2391485 +0.11916549j, -0.02171998-0.29625562j,
         0.03749691-0.0999593j , -0.07460056-0.02911088j,
         0.36325138-0.10690743j,  0.29109339-0.07901511j,
         0.11968289+0.29267421j, -0.06536569-0.19187522j,
        -0.11902197+0.12707707j,  0.20865509+0.11253971j],
       [ 0.18467655+0.03885316j,  0.15768459+0.1093085j ,
         0.30027203+0.15605178j, -0.1081703 -0.15239526j,
         0.02490551+0.08208072j, -0.21567163+0.23592488j,
        -0.01793855-0.10639508j, -0.42982423+0.15414753j,
        -0.15352548+0.07604583j,  0.06969981-0.20991715j,
         0.17843642-0.14991189j, -0.06997809-0.2951291j ,
        -0.23976604+0.05922533j,  0.03030202+0.21683976j,
        -0.21302439+0.11324108j, -0.18601988+0.14872897j],
       [ 0.0323956 -0.31683434j,  0.30027203+0.15605178j,
        -0.28565529-0.07587593j, -0.49001504-0.15678219j,
        -0.31262006-0.08412582j, -0.01600196+0.08214305j,
        -0.18624568+0.12818366j, -0.11103083-0.16965741j,
        -0.10723389+0.04968054j, -0.01482155+0.10550447j,
        -0.31128435-0.14038417j,  0.18423109+0.09727015j,
        -0.06014945-0.04046511j, -0.12849296+0.1186041j ,
        -0.00704228-0.05822408j,  0.05323364+0.02291314j],
       [ 0.17516731+0.22409819j, -0.1081703 -0.15239526j,
        -0.49001504-0.15678219j, -0.21727057+0.12439661j,
         0.01245602-0.1761492j , -0.38463475+0.0155172j ,
        -0.06465429+0.04897018j, -0.12090911+0.44307648j,
         0.06836873+0.01481229j, -0.10155257-0.01029384j,
         0.26844827+0.13163262j,  0.07053919+0.05557311j,
         0.03845382-0.02211313j, -0.07186624-0.12981266j,
        -0.05281622-0.1120789j , -0.05949981+0.06533679j],
       [-0.0499674 +0.31545227j,  0.02490551+0.08208072j,
        -0.31262006-0.08412582j,  0.01245602-0.1761492j ,
        -0.14528664+0.13079622j,  0.29701438+0.24602932j,
         0.00183522-0.17840988j,  0.05979616-0.05565541j,
        -0.21542672-0.09731671j,  0.21642846+0.06760936j,
        -0.034061  +0.30890724j, -0.1244824 -0.13594866j,
        -0.0939716 -0.03186001j, -0.03850457-0.19744712j,
         0.00749021+0.31476018j,  0.05070828+0.37323547j],
       [-0.1665773 +0.07741073j, -0.21567163+0.23592488j,
        -0.01600196+0.08214305j, -0.38463475+0.0155172j ,
         0.29701438+0.24602932j, -0.21928974+0.26497247j,
        -0.13197585+0.04279287j,  0.01754107-0.11659382j,
         0.30288219-0.24030226j,  0.24511682-0.08684325j,
        -0.03137148-0.06130244j, -0.16047958+0.21751578j,
         0.02107021-0.00829984j,  0.09352327-0.05199147j,
         0.14883885+0.20232796j, -0.04838368-0.19076325j],
       [-0.2391485 +0.11916549j, -0.01793855-0.10639508j,
        -0.18624568+0.12818366j, -0.06465429+0.04897018j,
         0.00183522-0.17840988j, -0.13197585+0.04279287j,
         0.1659247 -0.37717673j, -0.05145708-0.28110274j,
         0.12176054-0.19278408j, -0.34802443-0.261157j  ,
        -0.05982535-0.14707438j, -0.11266333-0.06409671j,
        -0.07639635+0.11030289j,  0.12640413+0.17454286j,
        -0.01061543-0.15933406j,  0.3675103 +0.21997742j],
       [-0.02171998-0.29625562j, -0.42982423+0.15414753j,
        -0.11103083-0.16965741j, -0.12090911+0.44307648j,
         0.05979616-0.05565541j,  0.01754107-0.11659382j,
        -0.05145708-0.28110274j, -0.12253013-0.16952287j,
        -0.33333894+0.19142537j,  0.04120278+0.04607476j,
         0.01155754-0.10510684j, -0.17681736-0.26071356j,
         0.00864585-0.0243268j , -0.03390441-0.09028868j,
         0.07749064+0.03513972j, -0.16088777-0.0110234j ],
       [ 0.03749691-0.0999593j , -0.15352548+0.07604583j,
        -0.10723389+0.04968054j,  0.06836873+0.01481229j,
        -0.21542672-0.09731671j,  0.30288219-0.24030226j,
         0.12176054-0.19278408j, -0.33333894+0.19142537j,
         0.38239433-0.1680245j ,  0.0783899 -0.14792761j,
        -0.0411174 -0.18543996j,  0.30656762+0.07343489j,
        -0.06155836+0.154869j  , -0.05798511-0.1057807j ,
        -0.03651801+0.38117282j, -0.05268628-0.07488832j],
       [-0.07460056-0.02911088j,  0.06969981-0.20991715j,
        -0.01482155+0.10550447j, -0.10155257-0.01029384j,
         0.21642846+0.06760936j,  0.24511682-0.08684325j,
        -0.34802443-0.261157j  ,  0.04120278+0.04607476j,
         0.0783899 -0.14792761j,  0.21603615-0.01115527j,
        -0.02723551-0.13677421j, -0.03186757+0.04266966j,
         0.35039848+0.00887278j, -0.18313526+0.00839752j,
        -0.42500975-0.29071495j, -0.20733863+0.22135942j],
       [ 0.36325138-0.10690743j,  0.17843642-0.14991189j,
        -0.31128435-0.14038417j,  0.26844827+0.13163262j,
        -0.034061  +0.30890724j, -0.03137148-0.06130244j,
        -0.05982535-0.14707438j,  0.01155754-0.10510684j,
        -0.0411174 -0.18543996j, -0.02723551-0.13677421j,
        -0.06365921-0.01423712j, -0.15997824+0.24687256j,
        -0.10329752-0.19754394j,  0.30810086+0.3024545j ,
        -0.01076385+0.08804869j, -0.2396018 -0.10437285j],
       [ 0.29109339-0.07901511j, -0.06997809-0.2951291j ,
         0.18423109+0.09727015j,  0.07053919+0.05557311j,
        -0.1244824 -0.13594866j, -0.16047958+0.21751578j,
        -0.11266333-0.06409671j, -0.17681736-0.26071356j,
         0.30656762+0.07343489j, -0.03186757+0.04266966j,
        -0.15997824+0.24687256j, -0.01793903-0.03336354j,
         0.28709802-0.05663204j, -0.22078267+0.01661236j,
         0.34489502+0.12013073j, -0.14276229+0.2527236j ],
       [ 0.11968289+0.29267421j, -0.23976604+0.05922533j,
        -0.06014945-0.04046511j,  0.03845382-0.02211313j,
        -0.0939716 -0.03186001j,  0.02107021-0.00829984j,
        -0.07639635+0.11030289j,  0.00864585-0.0243268j ,
        -0.06155836+0.154869j  ,  0.35039848+0.00887278j,
        -0.10329752-0.19754394j,  0.28709802-0.05663204j,
         0.22853488+0.27368296j,  0.45088683+0.29910411j,
         0.18885543-0.17827681j,  0.02211751+0.17024125j],
       [-0.06536569-0.19187522j,  0.03030202+0.21683976j,
        -0.12849296+0.1186041j , -0.07186624-0.12981266j,
        -0.03850457-0.19744712j,  0.09352327-0.05199147j,
         0.12640413+0.17454286j, -0.03390441-0.09028868j,
        -0.05798511-0.1057807j , -0.18313526+0.00839752j,
         0.30810086+0.3024545j , -0.22078267+0.01661236j,
         0.45088683+0.29910411j,  0.16574751+0.23970557j,
        -0.13251946+0.17971606j, -0.19624365-0.03266316j],
       [-0.11902197+0.12707707j, -0.21302439+0.11324108j,
        -0.00704228-0.05822408j, -0.05281622-0.1120789j ,
         0.00749021+0.31476018j,  0.14883885+0.20232796j,
        -0.01061543-0.15933406j,  0.07749064+0.03513972j,
        -0.03651801+0.38117282j, -0.42500975-0.29071495j,
        -0.01076385+0.08804869j,  0.34489502+0.12013073j,
         0.18885543-0.17827681j, -0.13251946+0.17971606j,
        -0.04275385+0.03729612j, -0.13126774-0.08334597j],
       [ 0.20865509+0.11253971j, -0.18601988+0.14872897j,
         0.05323364+0.02291314j, -0.05949981+0.06533679j,
         0.05070828+0.37323547j, -0.04838368-0.19076325j,
         0.3675103 +0.21997742j, -0.16088777-0.0110234j ,
        -0.05268628-0.07488832j, -0.20733863+0.22135942j,
        -0.2396018 -0.10437285j, -0.14276229+0.2527236j ,
         0.02211751+0.17024125j, -0.19624365-0.03266316j,
        -0.13126774-0.08334597j, -0.02039321+0.37318696j]]), 'fal': array([2.])}, 4.0: {'q1': array([2.]), 'H_ols': <statsmodels.regression.linear_model.RegressionResultsWrapper object at 0x7f2e11e4b750>, 'q2': array([4.]), 'U': array([[ 0.50775839+0.10370887j, -0.36104192+0.12079278j,
        -0.19679616+0.01596486j,  0.01456376-0.04823179j,
        -0.13960153-0.12667306j,  0.10576978-0.17102491j,
        -0.34289837+0.22703805j,  0.09710796-0.08170737j,
        -0.06176028-0.14704526j, -0.06651704-0.08297006j,
         0.15819159+0.18911464j, -0.05448466+0.1520719j ,
         0.16105012-0.0376697j ,  0.00550104-0.00529202j,
        -0.27354849-0.21798804j, -0.02651066+0.09831238j],
       [-0.36104192+0.12079278j, -0.00914495+0.27734701j,
        -0.04413514+0.14051631j, -0.23210063+0.02155715j,
        -0.10878012+0.28133212j,  0.2086688 +0.02884835j,
        -0.04499621+0.15089684j,  0.42925456+0.15846117j,
         0.12461853+0.25704105j, -0.06609512-0.00478955j,
        -0.04672172+0.28412777j,  0.02179368+0.05214994j,
        -0.18237402+0.0272057j , -0.05985224-0.12455021j,
        -0.06742091-0.11072327j,  0.05823557+0.29515322j],
       [-0.19679616+0.01596486j, -0.04413514+0.14051631j,
         0.63256043-0.22768007j,  0.10035745-0.03769827j,
        -0.33128552-0.36088858j, -0.05330255-0.05502805j,
        -0.16589479+0.12178902j,  0.13066162-0.17867966j,
        -0.07118087-0.09980618j, -0.06130967+0.03728037j,
        -0.07492646-0.07490567j,  0.11690908+0.09375622j,
        -0.15510627+0.0906419j , -0.10489945-0.15509433j,
        -0.0078229 -0.07987546j,  0.0261515 -0.10164048j],
       [ 0.01456376-0.04823179j, -0.23210063+0.02155715j,
         0.10035745-0.03769827j,  0.47937401+0.26879904j,
        -0.03180375+0.08731792j, -0.30365249+0.31361716j,
         0.32575751-0.12686919j,  0.27130176-0.04913531j,
        -0.09992922+0.07034719j, -0.00529591-0.05699203j,
         0.14488619+0.12163219j,  0.04904218+0.07774892j,
         0.23124009-0.06348688j, -0.07506855+0.09315373j,
         0.05739543-0.15703632j, -0.09137922+0.24816225j],
       [-0.13960153-0.12667306j, -0.10878012+0.28133212j,
        -0.33128552-0.36088858j, -0.03180375+0.08731792j,
         0.17931405-0.26597961j,  0.06263304-0.27386456j,
         0.35714346-0.13574664j,  0.24248185+0.11476134j,
         0.04111544-0.09909587j, -0.13400803+0.00827037j,
        -0.08941517-0.24176021j, -0.06541174+0.09330829j,
         0.06180659+0.08608882j,  0.11568824-0.12635991j,
        -0.08878544-0.18362677j,  0.10914774-0.1484125j ],
       [ 0.10576978-0.17102491j,  0.2086688 +0.02884835j,
        -0.05330255-0.05502805j, -0.30365249+0.31361716j,
         0.06263304-0.27386456j, -0.02486451+0.22174778j,
        -0.07694472+0.04621898j, -0.18896228-0.30071092j,
         0.00116962+0.39717418j, -0.07268193+0.20268925j,
         0.02501129+0.03459987j, -0.05033899-0.02298129j,
        -0.01637735-0.04369998j,  0.06443757+0.00325398j,
         0.11853486-0.46602498j, -0.00233636+0.09632194j],
       [-0.34289837+0.22703805j, -0.04499621+0.15089684j,
        -0.16589479+0.12178902j,  0.32575751-0.12686919j,
         0.35714346-0.13574664j, -0.07694472+0.04621898j,
         0.00660784+0.49612996j, -0.34305528-0.0698299j ,
        -0.13262347-0.05623349j, -0.10425149+0.07962085j,
        -0.13253497+0.12923892j, -0.00590893+0.16059902j,
         0.02563544+0.07836036j,  0.01510786-0.01063171j,
         0.09424589-0.05495184j, -0.00377247+0.0402026j ],
       [ 0.09710796-0.08170737j,  0.42925456+0.15846117j,
         0.13066162-0.17867966j,  0.27130176-0.04913531j,
         0.24248185+0.11476134j, -0.18896228-0.30071092j,
        -0.34305528-0.0698299j ,  0.02164877+0.39597209j,
         0.05018909+0.17079091j,  0.06483018+0.03239106j,
         0.09774782+0.08058501j,  0.20878784+0.05343835j,
         0.10471125-0.01195705j,  0.07376145-0.00234095j,
        -0.0236271 -0.1926189j , -0.13370843+0.00710787j],
       [-0.06176028-0.14704526j,  0.12461853+0.25704105j,
        -0.07118087-0.09980618j, -0.09992922+0.07034719j,
         0.04111544-0.09909587j,  0.00116962+0.39717418j,
        -0.13262347-0.05623349j,  0.05018909+0.17079091j,
        -0.10445945-0.45336087j,  0.24844611+0.27184273j,
         0.33436483+0.26939119j, -0.18535196+0.00083497j,
        -0.08592484+0.20292361j,  0.01897424+0.05026975j,
         0.01523275+0.10629034j,  0.01255803-0.08583276j],
       [-0.06651704-0.08297006j, -0.06609512-0.00478955j,
        -0.06130967+0.03728037j, -0.00529591-0.05699203j,
        -0.13400803+0.00827037j, -0.07268193+0.20268925j,
        -0.10425149+0.07962085j,  0.06483018+0.03239106j,
         0.24844611+0.27184273j, -0.17822591-0.18735957j,
         0.12768653+0.19544819j,  0.06803623+0.16886583j,
         0.32916401+0.11631254j,  0.1065764 -0.00637864j,
         0.1533902 +0.09554372j,  0.23058762-0.61626125j],
       [ 0.15819159+0.18911464j, -0.04672172+0.28412777j,
        -0.07492646-0.07490567j,  0.14488619+0.12163219j,
        -0.08941517-0.24176021j,  0.02501129+0.03459987j,
        -0.13253497+0.12923892j,  0.09774782+0.08058501j,
         0.33436483+0.26939119j,  0.12768653+0.19544819j,
        -0.04451912-0.28448415j, -0.20400159-0.05705756j,
         0.07120469-0.04338889j, -0.0270403 +0.11466221j,
         0.24981719+0.45028045j, -0.10129486+0.16670928j],
       [-0.05448466+0.1520719j ,  0.02179368+0.05214994j,
         0.11690908+0.09375622j,  0.04904218+0.07774892j,
        -0.06541174+0.09330829j, -0.05033899-0.02298129j,
        -0.00590893+0.16059902j,  0.20878784+0.05343835j,
        -0.18535196+0.00083497j,  0.06803623+0.16886583j,
        -0.20400159-0.05705756j, -0.23271763-0.25889696j,
        -0.00824732-0.24559003j,  0.34710272+0.5159004j ,
        -0.18402432-0.18317108j,  0.09988912-0.3057978j ],
       [ 0.16105012-0.0376697j , -0.18237402+0.0272057j ,
        -0.15510627+0.0906419j ,  0.23124009-0.06348688j,
         0.06180659+0.08608882j, -0.01637735-0.04369998j,
         0.02563544+0.07836036j,  0.10471125-0.01195705j,
        -0.08592484+0.20292361j,  0.32916401+0.11631254j,
         0.07120469-0.04338889j, -0.00824732-0.24559003j,
        -0.40668749+0.00602833j, -0.37778399-0.25218414j,
         0.15203779-0.20342506j,  0.04156026-0.37657113j],
       [ 0.00550104-0.00529202j, -0.05985224-0.12455021j,
        -0.10489945-0.15509433j, -0.07506855+0.09315373j,
         0.11568824-0.12635991j,  0.06443757+0.00325398j,
         0.01510786-0.01063171j,  0.07376145-0.00234095j,
         0.01897424+0.05026975j,  0.1065764 -0.00637864j,
        -0.0270403 +0.11466221j,  0.34710272+0.5159004j ,
        -0.37778399-0.25218414j, -0.15266554+0.46194011j,
        -0.00851281+0.1289332j , -0.07620351-0.1089041j ],
       [-0.27354849-0.21798804j, -0.06742091-0.11072327j,
        -0.0078229 -0.07987546j,  0.05739543-0.15703632j,
        -0.08878544-0.18362677j,  0.11853486-0.46602498j,
         0.09424589-0.05495184j, -0.0236271 -0.1926189j ,
         0.01523275+0.10629034j,  0.1533902 +0.09554372j,
         0.24981719+0.45028045j, -0.18402432-0.18317108j,
         0.15203779-0.20342506j, -0.00851281+0.1289332j ,
         0.17529712+0.08597857j, -0.0535571 +0.07148282j],
       [-0.02651066+0.09831238j,  0.05823557+0.29515322j,
         0.0261515 -0.10164048j, -0.09137922+0.24816225j,
         0.10914774-0.1484125j , -0.00233636+0.09632194j,
        -0.00377247+0.0402026j , -0.13370843+0.00710787j,
         0.01255803-0.08583276j,  0.23058762-0.61626125j,
        -0.10129486+0.16670928j,  0.09988912-0.3057978j ,
         0.04156026-0.37657113j, -0.07620351-0.1089041j ,
        -0.0535571 +0.07148282j,  0.03496096-0.05456181j]]), 'fal': array([2.])}, 5.0: {'q1': array([1.]), 'H_ols': <statsmodels.regression.linear_model.RegressionResultsWrapper object at 0x7f2e11e04c10>, 'q2': array([2.]), 'U': array([[-0.1762601 -3.80435856e-01j, -0.16829028-1.26441865e-01j,
         0.01927471+1.98439327e-02j,  0.07919754-4.92405827e-02j,
        -0.12121862+1.37118597e-01j,  0.20223313-1.74637853e-01j,
        -0.00181583-1.63756739e-01j, -0.05818171+1.99720453e-01j,
         0.27174991-2.88190441e-01j, -0.0875777 +8.94629313e-02j,
         0.19746527-3.43141104e-02j,  0.08669505-4.49821638e-02j,
         0.13502861+1.19983431e-01j,  0.14705555-1.41382111e-01j,
        -0.18213031+8.94900936e-02j, -0.43762418-2.57336562e-01j],
       [-0.16829028-1.26441865e-01j, -0.48919464-7.88769065e-02j,
        -0.2873217 -6.17215119e-02j, -0.17179629+1.07694669e-02j,
         0.19299573+1.05389315e-01j,  0.08666867+2.47377607e-01j,
         0.12356309+3.81447378e-03j, -0.12067109-4.53770705e-01j,
         0.16298152-5.15849188e-02j, -0.12002492-6.21892035e-02j,
        -0.04294605-7.93247350e-03j, -0.12869103-1.14905229e-01j,
        -0.21529707-2.60382514e-01j, -0.16560964-3.90665591e-02j,
        -0.02479169-1.28976615e-01j, -0.03125205+2.91756018e-02j],
       [ 0.01927471+1.98439327e-02j, -0.2873217 -6.17215119e-02j,
         0.00584347+1.27790916e-01j,  0.05204864+2.67729619e-01j,
        -0.02877906+1.72776292e-01j, -0.0368324 -5.04406579e-02j,
         0.19424465-8.30141871e-02j, -0.10355996+3.56372299e-02j,
        -0.12841926+4.24009081e-01j, -0.0800973 +3.52617463e-02j,
        -0.1445063 -1.52369609e-01j,  0.47095651-3.25671981e-01j,
        -0.04281251+2.57231322e-01j,  0.10394497-1.10762496e-01j,
        -0.01914133+1.84873934e-01j,  0.02608002+1.69490541e-01j],
       [ 0.07919754-4.92405827e-02j, -0.17179629+1.07694669e-02j,
         0.05204864+2.67729619e-01j,  0.58013799+8.28846834e-02j,
         0.04838336+1.42143496e-01j,  0.00677978-1.08834257e-02j,
         0.25425661-2.26948151e-02j,  0.34071892-1.71908626e-01j,
         0.07640363-1.12287942e-01j,  0.06314979+1.77618400e-01j,
         0.01059478-9.86758088e-02j,  0.02092251+3.77562795e-01j,
         0.03052095-1.04510959e-01j, -0.07329778+1.55820521e-01j,
        -0.11467325+1.23594945e-01j,  0.17383451+5.80326248e-02j],
       [-0.12121862+1.37118597e-01j,  0.19299573+1.05389315e-01j,
        -0.02877906+1.72776292e-01j,  0.04838336+1.42143496e-01j,
        -0.23427148+9.79042871e-02j, -0.39953291+1.49032758e-01j,
         0.1341433 -3.78046604e-01j, -0.12867919-4.90835350e-02j,
         0.05091606+1.51058907e-01j,  0.18449965+5.64260499e-02j,
         0.00334061+1.21222154e-01j,  0.11190621+3.20228764e-02j,
         0.03710543-2.52056698e-01j, -0.15855505+5.69498285e-02j,
        -0.07578084-3.08458283e-01j, -0.38314044-8.28847879e-02j],
       [ 0.20223313-1.74637853e-01j,  0.08666867+2.47377607e-01j,
        -0.0368324 -5.04406579e-02j,  0.00677978-1.08834257e-02j,
        -0.39953291+1.49032758e-01j,  0.32261224-2.37822436e-01j,
        -0.0337751 +8.00597147e-02j, -0.08540657-2.83944481e-01j,
        -0.03407911+1.92822299e-02j,  0.05384486-2.85286470e-01j,
         0.03074263-5.19273686e-02j,  0.04566332-1.33197023e-01j,
         0.27153013+2.47644511e-03j, -0.37205347+2.13611923e-01j,
        -0.07816679-1.27550675e-02j, -0.04567314+2.06034129e-01j],
       [-0.00181583-1.63756739e-01j,  0.12356309+3.81447378e-03j,
         0.19424465-8.30141871e-02j,  0.25425661-2.26948151e-02j,
         0.1341433 -3.78046604e-01j, -0.0337751 +8.00597147e-02j,
         0.10778805-2.24259474e-02j, -0.16278091+6.80580056e-02j,
        -0.19143905+1.91308119e-01j, -0.42021709-1.26314732e-01j,
         0.19569213-9.28521989e-02j, -0.02239959-3.44947709e-03j,
         0.01027356-2.88069429e-01j, -0.31332145-2.62111043e-01j,
        -0.17103034+1.94742033e-01j, -0.07764174+4.15980085e-03j],
       [-0.05818171+1.99720453e-01j, -0.12067109-4.53770705e-01j,
        -0.10355996+3.56372299e-02j,  0.34071892-1.71908626e-01j,
        -0.12867919-4.90835350e-02j, -0.08540657-2.83944481e-01j,
        -0.16278091+6.80580056e-02j, -0.47429306-1.01377080e-01j,
         0.02083642+6.54133665e-02j,  0.22198714+2.62110101e-04j,
        -0.01212973+3.66209828e-02j, -0.16804503+1.10439275e-01j,
         0.04776438+1.15888873e-01j, -0.08808883-2.48054989e-01j,
         0.00476111-8.58786740e-02j,  0.08147513+1.02075456e-01j],
       [ 0.27174991-2.88190441e-01j,  0.16298152-5.15849188e-02j,
        -0.12841926+4.24009081e-01j,  0.07640363-1.12287942e-01j,
         0.05091606+1.51058907e-01j, -0.03407911+1.92822299e-02j,
        -0.19143905+1.91308119e-01j,  0.02083642+6.54133665e-02j,
        -0.26254594-1.53932760e-01j, -0.01372758+2.45610939e-01j,
        -0.19310802-4.55972844e-02j,  0.01823721-2.62352068e-01j,
        -0.28524304-1.23895267e-02j, -0.26166246-1.42802863e-01j,
         0.08162847-1.52289387e-01j, -0.06112375-1.69143527e-01j],
       [-0.0875777 +8.94629313e-02j, -0.12002492-6.21892035e-02j,
        -0.0800973 +3.52617463e-02j,  0.06314979+1.77618400e-01j,
         0.18449965+5.64260499e-02j,  0.05384486-2.85286470e-01j,
        -0.42021709-1.26314732e-01j,  0.22198714+2.62110101e-04j,
        -0.01372758+2.45610939e-01j, -0.04528681-3.14680454e-01j,
        -0.02463934+2.55623796e-01j,  0.07811749+1.47109218e-01j,
        -0.17416019-2.65048350e-02j, -0.2319301 +1.47560103e-01j,
         0.1671389 +1.93043383e-01j, -0.13926111-3.36234241e-01j],
       [ 0.19746527-3.43141104e-02j, -0.04294605-7.93247350e-03j,
        -0.1445063 -1.52369609e-01j,  0.01059478-9.86758088e-02j,
         0.00334061+1.21222154e-01j,  0.03074263-5.19273686e-02j,
         0.19569213-9.28521989e-02j, -0.01212973+3.66209828e-02j,
        -0.19310802-4.55972844e-02j, -0.02463934+2.55623796e-01j,
         0.29969405+7.35519407e-01j,  0.04348377-4.28483875e-02j,
        -0.06418469-2.96562298e-02j, -0.01548569-3.07854999e-02j,
         0.10249686+1.64957042e-01j, -0.01675864+2.30620246e-01j],
       [ 0.08669505-4.49821638e-02j, -0.12869103-1.14905229e-01j,
         0.47095651-3.25671981e-01j,  0.02092251+3.77562795e-01j,
         0.11190621+3.20228764e-02j,  0.04566332-1.33197023e-01j,
        -0.02239959-3.44947709e-03j, -0.16804503+1.10439275e-01j,
         0.01823721-2.62352068e-01j,  0.07811749+1.47109218e-01j,
         0.04348377-4.28483875e-02j,  0.22406836-1.04481955e-02j,
        -0.08374207-1.38754558e-01j, -0.21795176+9.13072223e-02j,
         0.25000342-3.28423266e-01j,  0.10999881+1.23322442e-03j],
       [ 0.13502861+1.19983431e-01j, -0.21529707-2.60382514e-01j,
        -0.04281251+2.57231322e-01j,  0.03052095-1.04510959e-01j,
         0.03710543-2.52056698e-01j,  0.27153013+2.47644511e-03j,
         0.01027356-2.88069429e-01j,  0.04776438+1.15888873e-01j,
        -0.28524304-1.23895267e-02j, -0.17416019-2.65048350e-02j,
        -0.06418469-2.96562298e-02j, -0.08374207-1.38754558e-01j,
         0.32966926-1.98197609e-01j,  0.18940757+3.16802697e-01j,
         0.18292801-2.47511893e-01j, -0.10180935+5.30072054e-02j],
       [ 0.14705555-1.41382111e-01j, -0.16560964-3.90665591e-02j,
         0.10394497-1.10762496e-01j, -0.07329778+1.55820521e-01j,
        -0.15855505+5.69498285e-02j, -0.37205347+2.13611923e-01j,
        -0.31332145-2.62111043e-01j, -0.08808883-2.48054989e-01j,
        -0.26166246-1.42802863e-01j, -0.2319301 +1.47560103e-01j,
        -0.01548569-3.07854999e-02j, -0.21795176+9.13072223e-02j,
         0.18940757+3.16802697e-01j, -0.03419057+1.27535397e-01j,
        -0.06394924+1.82261226e-01j,  0.07591184-9.95466730e-02j],
       [-0.18213031+8.94900936e-02j, -0.02479169-1.28976615e-01j,
        -0.01914133+1.84873934e-01j, -0.11467325+1.23594945e-01j,
        -0.07578084-3.08458283e-01j, -0.07816679-1.27550675e-02j,
        -0.17103034+1.94742033e-01j,  0.00476111-8.58786740e-02j,
         0.08162847-1.52289387e-01j,  0.1671389 +1.93043383e-01j,
         0.10249686+1.64957042e-01j,  0.25000342-3.28423266e-01j,
         0.18292801-2.47511893e-01j, -0.06394924+1.82261226e-01j,
        -0.33755599+2.40587049e-01j,  0.25790635-1.52815888e-01j],
       [-0.43762418-2.57336562e-01j, -0.03125205+2.91756018e-02j,
         0.02608002+1.69490541e-01j,  0.17383451+5.80326248e-02j,
        -0.38314044-8.28847879e-02j, -0.04567314+2.06034129e-01j,
        -0.07764174+4.15980085e-03j,  0.08147513+1.02075456e-01j,
        -0.06112375-1.69143527e-01j, -0.13926111-3.36234241e-01j,
        -0.01675864+2.30620246e-01j,  0.10999881+1.23322442e-03j,
        -0.10180935+5.30072054e-02j,  0.07591184-9.95466730e-02j,
         0.25790635-1.52815888e-01j,  0.2861364 +1.58700531e-01j]]), 'fal': array([1.])}}